20 20

10001111011111111111
10001111110111111111
10001111110111111111
11100111110111111111
11110111110111111111
11110011110111111111
11111001110111111111
00001101110111111111
11111101110111111111
10000001110111111111
11111101110111111111
00000101110111111111
11111101110111111111
10000001110111111111
11111111110111111111
00000000000000000001
11111111111111111111
00000000000000000001
11111111111111111111
00000000000000000000

00000000000000000000
00000000000000000000
00000000000000000000
00000000000000002000
00000000000000000000
00000000000000000002
00000000000000000000
00000000000000000000
00000000000000000000
00000000000000000000
00000000000000000000
00000000000000000000
00000000000000000000
00000000000000000000
00020200000000000002
00000000000000000000
00000000000000000000
00000000000000000000
00000000000000000002
00000000000000000000