50 28

10001111011111111111011111111111111111111111111111
10001111110111111111011111111111111111111111111111
10001111110111111111011111111111111111111111111111
11100111110111111111011111111111111111111111111111
11110111110111111111011111111111111111111111111111
11110011110111111111011111111111111111111111111111
11111001110111111111011111111111111111111111111111
00001101110111111111011111111110000111111111111111
11111101110111111111011111111111110111111111111111
10000001110111111111011111111111110111111111111111
11111101110111111111011111111111110111111111111111
00000101110111111111011111111110000111111111111111
11111101110111111111011111111111111111111111111111
10000001110111111111011111111111111111111111111111
11111111110111111111011111111111111111111111111111
00000000000000000001011111111111111111111111111111
11111111111111111111011111111111111000001111111111
00000000000000000001011111111111111011111111111111
11111111111111111111111111111111111011111111111111
00000000000000000000011111111111111011111111111111
11111111111111111111111111111111111011111111111111
11111111111111111111111111111111111011111111111111
11111111111111111111111111111111111111111111111111
11111111111111111111111111111111111111111111111111
11111111111111111111111111111111111111111111111111
11111111111111111111111111111111111111111111111111
11111111111111111111111111111111111111111111111111
11111111111111111111111111111111111111111111111111

00000000000000000000000000000000000000000000000000
00000000000000000000000000000000000000000000000000
00000000000000000000000000000000000000000000000000
00000000000000000000000000000000000000000000000000
00000000000000000000000000000000000000000000000000
00000000000000000000000000000000000000000000000000
00000000000000000000000000000000000000000000000000
00000000000000222000000000000000000000000000000000
00000000000000022000000000000000000000000000000000
00000000000000000000000000000000000000000000000000
00000000000000000000000000000000000000000000000000
00000000000000000000000000000000000000000000000000
00000000000000000000000000000000000000000000000000
00000000000000000000000000000000000000000000000000
00000000000000000000000000000000000000000000000000
00000000000000000000000000000000000000000000000000
00000000000000000000000000000000000000000000000000
00000000000000000000000000000000000000000000000000
00000000000000000000000000000000000000000000000000
00000000000000000000000000000000000000000000000000
00000000000000000000000000000000000000000000000000
00000000000000000000000000000000000000000000000000
00000000000000000000000000000000000000000000440000
00000000000000000000000000000000000000000000000000
00000000000000000000000000000000000000000000000000
00000000000000000000000000000000000000000000000000
00000000000000000000000000000000000000000000000000
00000000000000000000000000000000000000000000000000