40 22

1000111101111111111101111111111111111111
1000111111011111111101111111111111111111
1000111111011111111101111111111111111111
1110011111011111111101111111111111111111
1111011111011111111101111111111111111111
1111001111011111111101111111111111111111
1111100111011111111101111111111111111111
0000110111011111111101111111111000011111
1111110111011111111101111111111111011111
1000000111011111111101111111111111011111
1111110111011111111101111111111111011111
0000010111011111111101111111111000011111
1111110111011111111101111111111111111111
1000000111011111111101111111111111111111
1111111111011111111101111111111111111111
0000000000000000000101111111111111111111
1111111111111111111101111111111111100000
0000000000000000000101111111111111101111
1111111111111111111111111111111111101111
0000000000000000000001111111111111101111
1111111111111111111111111111111111101111
1111111111111111111111111111111111101111

0000000000000000000000000000000000000000
0000000000000000000000000000022222222222
0000000000000000000000000000022222222222
0000000000000000000000000000022222222222
0000000000000000000000000000000000000022
0000000000000000000000000000000000000000
0000000000000000000000000000000000000000
0000000000000000000000000000000000000000
0000000000000000000000000000000000000000
0000000000000000000000000000000000000000
0000000000000000000000000000000000000000
0000000000000000000000000000000000000000
0000000000000000000000000000000000000000
0000000000000000000000000000000000000000
0000000000000000000000000000000000000000
0000000000000000000000000000000000000000
0000000000000000000000000000000000000000
0000000000000000000000000000000000000000
0000000000000000000000000000000000000000
0000000000000000000000000000000000000000
0000000000000000000000000000000000000000
0000000000000000000000000000000000000000